    0.06553000
    0.03572910
   -0.06737590
   -0.06462242
    0.02659474
   -0.07422756
   -0.06971218
    0.04136286
    0.06863256
    0.05315875
    0.05585369
    0.05780761
    0.06510683
    0.08763643
    0.04143431
    0.00582252
    0.35761608
   -0.43298184
   -0.40268671
    0.36974549
    0.09775377
   -0.06885224
    0.05877046
    0.05917398
   -0.11094672
    0.05438277
    0.05234400
   -0.57220807
    0.17723453
   -0.00635341
    0.01836765
    0.02814365
   -0.03867821
   -0.02966283
   -0.03301610
    0.04074540
   -0.00206528
    0.07469431
    0.06936860
    0.53905980
   -0.39549287
   -0.39436734
    0.00347673
   -0.02930004
   -0.04156675
   -0.01576719
    0.02174166
   -0.05602978
    0.01805328
   -0.00540729
    0.03877043
    0.04224305
    0.03678670
    0.01559030
    0.01677622
   -0.03244525
   -0.02191203
    0.07392206
   -0.02497319
    0.03459405
   -0.02694154
    0.04271450
    0.03241558
    0.03843828
