           1           2  0.960409437149304     
           3           5  0.980265491956201     
           4           5  0.961102448745212     
           2           6  0.986720536300193     
           4           6  0.986246979772158     
           2           7  0.986191043516870     
           3           7  0.999485797774761     
           3           8  0.980287357344298     
           5           9  0.941958098074733     
           6          10  0.975185285722558     
           7          11  0.976717825121113     
           3          12  0.976282855577188     
           4          13  0.966612963560980     
           6          14  0.964395749908123     
           7          15  0.980802615538439     
           2          16  0.952555688799775     
           5          16  0.963120180747835     
           4          17  0.929973896875717     
          17          18   1.70537427182970     
          17          19   1.25043179700781     
          18          19  0.182159160787676     
          19          20  0.661178489423489     
          16          21   1.45362397389723     
          21          22  0.998852087786179     
          22          23  0.946099224766522     
          22          24  0.969204453372437     
          21          25   1.25612734426392     
          25          26  0.965666856550567     
          25          27  0.968206829872896     
          20          28  0.168552760908630     
          25          29  0.560462363064763     
          28          29   1.34885026373050     
          29          30  0.994461083241712     
          29          31  0.911382505435399     
          30          32   1.36541785292723     
          30          33   1.36065269515068     
          32          34   1.37981114065540     
          33          35   1.49657063943525     
          33          36  0.962251824129721     
          34          37   1.40543233796883     
          35          37   1.33141394678106     
          34          38  0.959225365097444     
          35          39  0.962404182782072     
          37          40  0.975319271751911     
          40          41   1.43974435173348     
          40          42   1.44216792687458     
          41          42  0.351837233534962     
          22          43  0.977406337008785     
          43          44   1.00957761827280     
          43          45   1.85336655962007     
          44          46  0.922722535096474     
          44          47  0.949302047005865     
          45          48   1.03162348299198     
          45          49  0.948118775055169     
          46          50  0.986925764939949     
          48          50  0.970085916614126     
          46          51  0.948407247040940     
          48          52  0.959375080727697     
          50          53  0.950869826716283     
          32          54  0.986524755438544     
          44          55  0.950943521237397     
          46          55  0.986216063134971     
          54          55   1.67772299740874     
          54          56   1.14600935175768     
          50          57   1.01055474496093     
          56          57  0.100275892166240     
          48          58  0.948525448029572     
          55          59  0.109170781400363     
          56          59   1.69801042122925     
          56          60  0.966006864213089     
          57          61   1.79701971210901     
          59          61   1.14704234607785     
          57          62  0.963885951391768     
          59          63  0.967600636017604     
          61          64  0.961218616423836     
